000,001,002,003,004,005,006,007,008,009,0010,0011,0012,0013,0014,0015,0016,0017,0018,0019,0020,0021,0022,0023,0024,0025,0026,0027,0028,0029,0030,0031,0032,0033,0034,0035,0036,0037,0038,0039,0040,0041,0042,0043,0044,0045,0046,0047,0048,0049,0050,0051,0052,0053,0054,0055,0056,0057,0058,0059,0060,0061,0062,0063,0064,0065,0066,0067,0068,0069,0070,0071,0072,0073,0074,0075,0076,0077,0078,0079,0080,0081,0082,0083,0084,0085,0086,0087,0088,0089,0090,0091,0092,0093,0094,0095,0096,0097,0098,0099
100,101,102,103,104,105,106,107,108,109,1010,1011,1012,1013,1014,1015,1016,1017,1018,1019,1020,1021,1022,1023,1024,1025,1026,1027,1028,1029,1030,1031,1032,1033,1034,1035,1036,1037,1038,1039,1040,1041,1042,1043,1044,1045,1046,1047,1048,1049,1050,1051,1052,1053,1054,1055,1056,1057,1058,1059,1060,1061,1062,1063,1064,1065,1066,1067,1068,1069,1070,1071,1072,1073,1074,1075,1076,1077,1078,1079,1080,1081,1082,1083,1084,1085,1086,1087,1088,1089,1090,1091,1092,1093,1094,1095,1096,1097,1098,1099
200,201,202,203,204,205,206,207,208,209,2010,2011,2012,2013,2014,2015,2016,2017,2018,2019,2020,2021,2022,2023,2024,2025,2026,2027,2028,2029,2030,2031,2032,2033,2034,2035,2036,2037,2038,2039,2040,2041,2042,2043,2044,2045,2046,2047,2048,2049,2050,2051,2052,2053,2054,2055,2056,2057,2058,2059,2060,2061,2062,2063,2064,2065,2066,2067,2068,2069,2070,2071,2072,2073,2074,2075,2076,2077,2078,2079,2080,2081,2082,2083,2084,2085,2086,2087,2088,2089,2090,2091,2092,2093,2094,2095,2096,2097,2098,2099
300,301,302,303,304,305,306,307,308,309,3010,3011,3012,3013,3014,3015,3016,3017,3018,3019,3020,3021,3022,3023,3024,3025,3026,3027,3028,3029,3030,3031,3032,3033,3034,3035,3036,3037,3038,3039,3040,3041,3042,3043,3044,3045,3046,3047,3048,3049,3050,3051,3052,3053,3054,3055,3056,3057,3058,3059,3060,3061,3062,3063,3064,3065,3066,3067,3068,3069,3070,3071,3072,3073,3074,3075,3076,3077,3078,3079,3080,3081,3082,3083,3084,3085,3086,3087,3088,3089,3090,3091,3092,3093,3094,3095,3096,3097,3098,3099
400,401,402,403,404,405,406,407,408,409,4010,4011,4012,4013,4014,4015,4016,4017,4018,4019,4020,4021,4022,4023,4024,4025,4026,4027,4028,4029,4030,4031,4032,4033,4034,4035,4036,4037,4038,4039,4040,4041,4042,4043,4044,4045,4046,4047,4048,4049,4050,4051,4052,4053,4054,4055,4056,4057,4058,4059,4060,4061,4062,4063,4064,4065,4066,4067,4068,4069,4070,4071,4072,4073,4074,4075,4076,4077,4078,4079,4080,4081,4082,4083,4084,4085,4086,4087,4088,4089,4090,4091,4092,4093,4094,4095,4096,4097,4098,4099
500,501,502,503,504,505,506,507,508,509,5010,5011,5012,5013,5014,5015,5016,5017,5018,5019,5020,5021,5022,5023,5024,5025,5026,5027,5028,5029,5030,5031,5032,5033,5034,5035,5036,5037,5038,5039,5040,5041,5042,5043,5044,5045,5046,5047,5048,5049,5050,5051,5052,5053,5054,5055,5056,5057,5058,5059,5060,5061,5062,5063,5064,5065,5066,5067,5068,5069,5070,5071,5072,5073,5074,5075,5076,5077,5078,5079,5080,5081,5082,5083,5084,5085,5086,5087,5088,5089,5090,5091,5092,5093,5094,5095,5096,5097,5098,5099
600,601,602,603,604,605,606,607,608,609,6010,6011,6012,6013,6014,6015,6016,6017,6018,6019,6020,6021,6022,6023,6024,6025,6026,6027,6028,6029,6030,6031,6032,6033,6034,6035,6036,6037,6038,6039,6040,6041,6042,6043,6044,6045,6046,6047,6048,6049,6050,6051,6052,6053,6054,6055,6056,6057,6058,6059,6060,6061,6062,6063,6064,6065,6066,6067,6068,6069,6070,6071,6072,6073,6074,6075,6076,6077,6078,6079,6080,6081,6082,6083,6084,6085,6086,6087,6088,6089,6090,6091,6092,6093,6094,6095,6096,6097,6098,6099
700,701,702,703,704,705,706,707,708,709,7010,7011,7012,7013,7014,7015,7016,7017,7018,7019,7020,7021,7022,7023,7024,7025,7026,7027,7028,7029,7030,7031,7032,7033,7034,7035,7036,7037,7038,7039,7040,7041,7042,7043,7044,7045,7046,7047,7048,7049,7050,7051,7052,7053,7054,7055,7056,7057,7058,7059,7060,7061,7062,7063,7064,7065,7066,7067,7068,7069,7070,7071,7072,7073,7074,7075,7076,7077,7078,7079,7080,7081,7082,7083,7084,7085,7086,7087,7088,7089,7090,7091,7092,7093,7094,7095,7096,7097,7098,7099
800,801,802,803,804,805,806,807,808,809,8010,8011,8012,8013,8014,8015,8016,8017,8018,8019,8020,8021,8022,8023,8024,8025,8026,8027,8028,8029,8030,8031,8032,8033,8034,8035,8036,8037,8038,8039,8040,8041,8042,8043,8044,8045,8046,8047,8048,8049,8050,8051,8052,8053,8054,8055,8056,8057,8058,8059,8060,8061,8062,8063,8064,8065,8066,8067,8068,8069,8070,8071,8072,8073,8074,8075,8076,8077,8078,8079,8080,8081,8082,8083,8084,8085,8086,8087,8088,8089,8090,8091,8092,8093,8094,8095,8096,8097,8098,8099
900,901,902,903,904,905,906,907,908,909,9010,9011,9012,9013,9014,9015,9016,9017,9018,9019,9020,9021,9022,9023,9024,9025,9026,9027,9028,9029,9030,9031,9032,9033,9034,9035,9036,9037,9038,9039,9040,9041,9042,9043,9044,9045,9046,9047,9048,9049,9050,9051,9052,9053,9054,9055,9056,9057,9058,9059,9060,9061,9062,9063,9064,9065,9066,9067,9068,9069,9070,9071,9072,9073,9074,9075,9076,9077,9078,9079,9080,9081,9082,9083,9084,9085,9086,9087,9088,9089,9090,9091,9092,9093,9094,9095,9096,9097,9098,9099
1000,1001,1002,1003,1004,1005,1006,1007,1008,1009,10010,10011,10012,10013,10014,10015,10016,10017,10018,10019,10020,10021,10022,10023,10024,10025,10026,10027,10028,10029,10030,10031,10032,10033,10034,10035,10036,10037,10038,10039,10040,10041,10042,10043,10044,10045,10046,10047,10048,10049,10050,10051,10052,10053,10054,10055,10056,10057,10058,10059,10060,10061,10062,10063,10064,10065,10066,10067,10068,10069,10070,10071,10072,10073,10074,10075,10076,10077,10078,10079,10080,10081,10082,10083,10084,10085,10086,10087,10088,10089,10090,10091,10092,10093,10094,10095,10096,10097,10098,10099
1100,1101,1102,1103,1104,1105,1106,1107,1108,1109,11010,11011,11012,11013,11014,11015,11016,11017,11018,11019,11020,11021,11022,11023,11024,11025,11026,11027,11028,11029,11030,11031,11032,11033,11034,11035,11036,11037,11038,11039,11040,11041,11042,11043,11044,11045,11046,11047,11048,11049,11050,11051,11052,11053,11054,11055,11056,11057,11058,11059,11060,11061,11062,11063,11064,11065,11066,11067,11068,11069,11070,11071,11072,11073,11074,11075,11076,11077,11078,11079,11080,11081,11082,11083,11084,11085,11086,11087,11088,11089,11090,11091,11092,11093,11094,11095,11096,11097,11098,11099
1200,1201,1202,1203,1204,1205,1206,1207,1208,1209,12010,12011,12012,12013,12014,12015,12016,12017,12018,12019,12020,12021,12022,12023,12024,12025,12026,12027,12028,12029,12030,12031,12032,12033,12034,12035,12036,12037,12038,12039,12040,12041,12042,12043,12044,12045,12046,12047,12048,12049,12050,12051,12052,12053,12054,12055,12056,12057,12058,12059,12060,12061,12062,12063,12064,12065,12066,12067,12068,12069,12070,12071,12072,12073,12074,12075,12076,12077,12078,12079,12080,12081,12082,12083,12084,12085,12086,12087,12088,12089,12090,12091,12092,12093,12094,12095,12096,12097,12098,12099
1300,1301,1302,1303,1304,1305,1306,1307,1308,1309,13010,13011,13012,13013,13014,13015,13016,13017,13018,13019,13020,13021,13022,13023,13024,13025,13026,13027,13028,13029,13030,13031,13032,13033,13034,13035,13036,13037,13038,13039,13040,13041,13042,13043,13044,13045,13046,13047,13048,13049,13050,13051,13052,13053,13054,13055,13056,13057,13058,13059,13060,13061,13062,13063,13064,13065,13066,13067,13068,13069,13070,13071,13072,13073,13074,13075,13076,13077,13078,13079,13080,13081,13082,13083,13084,13085,13086,13087,13088,13089,13090,13091,13092,13093,13094,13095,13096,13097,13098,13099
1400,1401,1402,1403,1404,1405,1406,1407,1408,1409,14010,14011,14012,14013,14014,14015,14016,14017,14018,14019,14020,14021,14022,14023,14024,14025,14026,14027,14028,14029,14030,14031,14032,14033,14034,14035,14036,14037,14038,14039,14040,14041,14042,14043,14044,14045,14046,14047,14048,14049,14050,14051,14052,14053,14054,14055,14056,14057,14058,14059,14060,14061,14062,14063,14064,14065,14066,14067,14068,14069,14070,14071,14072,14073,14074,14075,14076,14077,14078,14079,14080,14081,14082,14083,14084,14085,14086,14087,14088,14089,14090,14091,14092,14093,14094,14095,14096,14097,14098,14099
1500,1501,1502,1503,1504,1505,1506,1507,1508,1509,15010,15011,15012,15013,15014,15015,15016,15017,15018,15019,15020,15021,15022,15023,15024,15025,15026,15027,15028,15029,15030,15031,15032,15033,15034,15035,15036,15037,15038,15039,15040,15041,15042,15043,15044,15045,15046,15047,15048,15049,15050,15051,15052,15053,15054,15055,15056,15057,15058,15059,15060,15061,15062,15063,15064,15065,15066,15067,15068,15069,15070,15071,15072,15073,15074,15075,15076,15077,15078,15079,15080,15081,15082,15083,15084,15085,15086,15087,15088,15089,15090,15091,15092,15093,15094,15095,15096,15097,15098,15099
1600,1601,1602,1603,1604,1605,1606,1607,1608,1609,16010,16011,16012,16013,16014,16015,16016,16017,16018,16019,16020,16021,16022,16023,16024,16025,16026,16027,16028,16029,16030,16031,16032,16033,16034,16035,16036,16037,16038,16039,16040,16041,16042,16043,16044,16045,16046,16047,16048,16049,16050,16051,16052,16053,16054,16055,16056,16057,16058,16059,16060,16061,16062,16063,16064,16065,16066,16067,16068,16069,16070,16071,16072,16073,16074,16075,16076,16077,16078,16079,16080,16081,16082,16083,16084,16085,16086,16087,16088,16089,16090,16091,16092,16093,16094,16095,16096,16097,16098,16099
1700,1701,1702,1703,1704,1705,1706,1707,1708,1709,17010,17011,17012,17013,17014,17015,17016,17017,17018,17019,17020,17021,17022,17023,17024,17025,17026,17027,17028,17029,17030,17031,17032,17033,17034,17035,17036,17037,17038,17039,17040,17041,17042,17043,17044,17045,17046,17047,17048,17049,17050,17051,17052,17053,17054,17055,17056,17057,17058,17059,17060,17061,17062,17063,17064,17065,17066,17067,17068,17069,17070,17071,17072,17073,17074,17075,17076,17077,17078,17079,17080,17081,17082,17083,17084,17085,17086,17087,17088,17089,17090,17091,17092,17093,17094,17095,17096,17097,17098,17099
1800,1801,1802,1803,1804,1805,1806,1807,1808,1809,18010,18011,18012,18013,18014,18015,18016,18017,18018,18019,18020,18021,18022,18023,18024,18025,18026,18027,18028,18029,18030,18031,18032,18033,18034,18035,18036,18037,18038,18039,18040,18041,18042,18043,18044,18045,18046,18047,18048,18049,18050,18051,18052,18053,18054,18055,18056,18057,18058,18059,18060,18061,18062,18063,18064,18065,18066,18067,18068,18069,18070,18071,18072,18073,18074,18075,18076,18077,18078,18079,18080,18081,18082,18083,18084,18085,18086,18087,18088,18089,18090,18091,18092,18093,18094,18095,18096,18097,18098,18099
1900,1901,1902,1903,1904,1905,1906,1907,1908,1909,19010,19011,19012,19013,19014,19015,19016,19017,19018,19019,19020,19021,19022,19023,19024,19025,19026,19027,19028,19029,19030,19031,19032,19033,19034,19035,19036,19037,19038,19039,19040,19041,19042,19043,19044,19045,19046,19047,19048,19049,19050,19051,19052,19053,19054,19055,19056,19057,19058,19059,19060,19061,19062,19063,19064,19065,19066,19067,19068,19069,19070,19071,19072,19073,19074,19075,19076,19077,19078,19079,19080,19081,19082,19083,19084,19085,19086,19087,19088,19089,19090,19091,19092,19093,19094,19095,19096,19097,19098,19099
2000,2001,2002,2003,2004,2005,2006,2007,2008,2009,20010,20011,20012,20013,20014,20015,20016,20017,20018,20019,20020,20021,20022,20023,20024,20025,20026,20027,20028,20029,20030,20031,20032,20033,20034,20035,20036,20037,20038,20039,20040,20041,20042,20043,20044,20045,20046,20047,20048,20049,20050,20051,20052,20053,20054,20055,20056,20057,20058,20059,20060,20061,20062,20063,20064,20065,20066,20067,20068,20069,20070,20071,20072,20073,20074,20075,20076,20077,20078,20079,20080,20081,20082,20083,20084,20085,20086,20087,20088,20089,20090,20091,20092,20093,20094,20095,20096,20097,20098,20099
2100,2101,2102,2103,2104,2105,2106,2107,2108,2109,21010,21011,21012,21013,21014,21015,21016,21017,21018,21019,21020,21021,21022,21023,21024,21025,21026,21027,21028,21029,21030,21031,21032,21033,21034,21035,21036,21037,21038,21039,21040,21041,21042,21043,21044,21045,21046,21047,21048,21049,21050,21051,21052,21053,21054,21055,21056,21057,21058,21059,21060,21061,21062,21063,21064,21065,21066,21067,21068,21069,21070,21071,21072,21073,21074,21075,21076,21077,21078,21079,21080,21081,21082,21083,21084,21085,21086,21087,21088,21089,21090,21091,21092,21093,21094,21095,21096,21097,21098,21099
2200,2201,2202,2203,2204,2205,2206,2207,2208,2209,22010,22011,22012,22013,22014,22015,22016,22017,22018,22019,22020,22021,22022,22023,22024,22025,22026,22027,22028,22029,22030,22031,22032,22033,22034,22035,22036,22037,22038,22039,22040,22041,22042,22043,22044,22045,22046,22047,22048,22049,22050,22051,22052,22053,22054,22055,22056,22057,22058,22059,22060,22061,22062,22063,22064,22065,22066,22067,22068,22069,22070,22071,22072,22073,22074,22075,22076,22077,22078,22079,22080,22081,22082,22083,22084,22085,22086,22087,22088,22089,22090,22091,22092,22093,22094,22095,22096,22097,22098,22099
2300,2301,2302,2303,2304,2305,2306,2307,2308,2309,23010,23011,23012,23013,23014,23015,23016,23017,23018,23019,23020,23021,23022,23023,23024,23025,23026,23027,23028,23029,23030,23031,23032,23033,23034,23035,23036,23037,23038,23039,23040,23041,23042,23043,23044,23045,23046,23047,23048,23049,23050,23051,23052,23053,23054,23055,23056,23057,23058,23059,23060,23061,23062,23063,23064,23065,23066,23067,23068,23069,23070,23071,23072,23073,23074,23075,23076,23077,23078,23079,23080,23081,23082,23083,23084,23085,23086,23087,23088,23089,23090,23091,23092,23093,23094,23095,23096,23097,23098,23099
2400,2401,2402,2403,2404,2405,2406,2407,2408,2409,24010,24011,24012,24013,24014,24015,24016,24017,24018,24019,24020,24021,24022,24023,24024,24025,24026,24027,24028,24029,24030,24031,24032,24033,24034,24035,24036,24037,24038,24039,24040,24041,24042,24043,24044,24045,24046,24047,24048,24049,24050,24051,24052,24053,24054,24055,24056,24057,24058,24059,24060,24061,24062,24063,24064,24065,24066,24067,24068,24069,24070,24071,24072,24073,24074,24075,24076,24077,24078,24079,24080,24081,24082,24083,24084,24085,24086,24087,24088,24089,24090,24091,24092,24093,24094,24095,24096,24097,24098,24099
2500,2501,2502,2503,2504,2505,2506,2507,2508,2509,25010,25011,25012,25013,25014,25015,25016,25017,25018,25019,25020,25021,25022,25023,25024,25025,25026,25027,25028,25029,25030,25031,25032,25033,25034,25035,25036,25037,25038,25039,25040,25041,25042,25043,25044,25045,25046,25047,25048,25049,25050,25051,25052,25053,25054,25055,25056,25057,25058,25059,25060,25061,25062,25063,25064,25065,25066,25067,25068,25069,25070,25071,25072,25073,25074,25075,25076,25077,25078,25079,25080,25081,25082,25083,25084,25085,25086,25087,25088,25089,25090,25091,25092,25093,25094,25095,25096,25097,25098,25099
2600,2601,2602,2603,2604,2605,2606,2607,2608,2609,26010,26011,26012,26013,26014,26015,26016,26017,26018,26019,26020,26021,26022,26023,26024,26025,26026,26027,26028,26029,26030,26031,26032,26033,26034,26035,26036,26037,26038,26039,26040,26041,26042,26043,26044,26045,26046,26047,26048,26049,26050,26051,26052,26053,26054,26055,26056,26057,26058,26059,26060,26061,26062,26063,26064,26065,26066,26067,26068,26069,26070,26071,26072,26073,26074,26075,26076,26077,26078,26079,26080,26081,26082,26083,26084,26085,26086,26087,26088,26089,26090,26091,26092,26093,26094,26095,26096,26097,26098,26099
2700,2701,2702,2703,2704,2705,2706,2707,2708,2709,27010,27011,27012,27013,27014,27015,27016,27017,27018,27019,27020,27021,27022,27023,27024,27025,27026,27027,27028,27029,27030,27031,27032,27033,27034,27035,27036,27037,27038,27039,27040,27041,27042,27043,27044,27045,27046,27047,27048,27049,27050,27051,27052,27053,27054,27055,27056,27057,27058,27059,27060,27061,27062,27063,27064,27065,27066,27067,27068,27069,27070,27071,27072,27073,27074,27075,27076,27077,27078,27079,27080,27081,27082,27083,27084,27085,27086,27087,27088,27089,27090,27091,27092,27093,27094,27095,27096,27097,27098,27099
2800,2801,2802,2803,2804,2805,2806,2807,2808,2809,28010,28011,28012,28013,28014,28015,28016,28017,28018,28019,28020,28021,28022,28023,28024,28025,28026,28027,28028,28029,28030,28031,28032,28033,28034,28035,28036,28037,28038,28039,28040,28041,28042,28043,28044,28045,28046,28047,28048,28049,28050,28051,28052,28053,28054,28055,28056,28057,28058,28059,28060,28061,28062,28063,28064,28065,28066,28067,28068,28069,28070,28071,28072,28073,28074,28075,28076,28077,28078,28079,28080,28081,28082,28083,28084,28085,28086,28087,28088,28089,28090,28091,28092,28093,28094,28095,28096,28097,28098,28099
2900,2901,2902,2903,2904,2905,2906,2907,2908,2909,29010,29011,29012,29013,29014,29015,29016,29017,29018,29019,29020,29021,29022,29023,29024,29025,29026,29027,29028,29029,29030,29031,29032,29033,29034,29035,29036,29037,29038,29039,29040,29041,29042,29043,29044,29045,29046,29047,29048,29049,29050,29051,29052,29053,29054,29055,29056,29057,29058,29059,29060,29061,29062,29063,29064,29065,29066,29067,29068,29069,29070,29071,29072,29073,29074,29075,29076,29077,29078,29079,29080,29081,29082,29083,29084,29085,29086,29087,29088,29089,29090,29091,29092,29093,29094,29095,29096,29097,29098,29099
3000,3001,3002,3003,3004,3005,3006,3007,3008,3009,30010,30011,30012,30013,30014,30015,30016,30017,30018,30019,30020,30021,30022,30023,30024,30025,30026,30027,30028,30029,30030,30031,30032,30033,30034,30035,30036,30037,30038,30039,30040,30041,30042,30043,30044,30045,30046,30047,30048,30049,30050,30051,30052,30053,30054,30055,30056,30057,30058,30059,30060,30061,30062,30063,30064,30065,30066,30067,30068,30069,30070,30071,30072,30073,30074,30075,30076,30077,30078,30079,30080,30081,30082,30083,30084,30085,30086,30087,30088,30089,30090,30091,30092,30093,30094,30095,30096,30097,30098,30099
3100,3101,3102,3103,3104,3105,3106,3107,3108,3109,31010,31011,31012,31013,31014,31015,31016,31017,31018,31019,31020,31021,31022,31023,31024,31025,31026,31027,31028,31029,31030,31031,31032,31033,31034,31035,31036,31037,31038,31039,31040,31041,31042,31043,31044,31045,31046,31047,31048,31049,31050,31051,31052,31053,31054,31055,31056,31057,31058,31059,31060,31061,31062,31063,31064,31065,31066,31067,31068,31069,31070,31071,31072,31073,31074,31075,31076,31077,31078,31079,31080,31081,31082,31083,31084,31085,31086,31087,31088,31089,31090,31091,31092,31093,31094,31095,31096,31097,31098,31099
3200,3201,3202,3203,3204,3205,3206,3207,3208,3209,32010,32011,32012,32013,32014,32015,32016,32017,32018,32019,32020,32021,32022,32023,32024,32025,32026,32027,32028,32029,32030,32031,32032,32033,32034,32035,32036,32037,32038,32039,32040,32041,32042,32043,32044,32045,32046,32047,32048,32049,32050,32051,32052,32053,32054,32055,32056,32057,32058,32059,32060,32061,32062,32063,32064,32065,32066,32067,32068,32069,32070,32071,32072,32073,32074,32075,32076,32077,32078,32079,32080,32081,32082,32083,32084,32085,32086,32087,32088,32089,32090,32091,32092,32093,32094,32095,32096,32097,32098,32099
3300,3301,3302,3303,3304,3305,3306,3307,3308,3309,33010,33011,33012,33013,33014,33015,33016,33017,33018,33019,33020,33021,33022,33023,33024,33025,33026,33027,33028,33029,33030,33031,33032,33033,33034,33035,33036,33037,33038,33039,33040,33041,33042,33043,33044,33045,33046,33047,33048,33049,33050,33051,33052,33053,33054,33055,33056,33057,33058,33059,33060,33061,33062,33063,33064,33065,33066,33067,33068,33069,33070,33071,33072,33073,33074,33075,33076,33077,33078,33079,33080,33081,33082,33083,33084,33085,33086,33087,33088,33089,33090,33091,33092,33093,33094,33095,33096,33097,33098,33099
3400,3401,3402,3403,3404,3405,3406,3407,3408,3409,34010,34011,34012,34013,34014,34015,34016,34017,34018,34019,34020,34021,34022,34023,34024,34025,34026,34027,34028,34029,34030,34031,34032,34033,34034,34035,34036,34037,34038,34039,34040,34041,34042,34043,34044,34045,34046,34047,34048,34049,34050,34051,34052,34053,34054,34055,34056,34057,34058,34059,34060,34061,34062,34063,34064,34065,34066,34067,34068,34069,34070,34071,34072,34073,34074,34075,34076,34077,34078,34079,34080,34081,34082,34083,34084,34085,34086,34087,34088,34089,34090,34091,34092,34093,34094,34095,34096,34097,34098,34099
3500,3501,3502,3503,3504,3505,3506,3507,3508,3509,35010,35011,35012,35013,35014,35015,35016,35017,35018,35019,35020,35021,35022,35023,35024,35025,35026,35027,35028,35029,35030,35031,35032,35033,35034,35035,35036,35037,35038,35039,35040,35041,35042,35043,35044,35045,35046,35047,35048,35049,35050,35051,35052,35053,35054,35055,35056,35057,35058,35059,35060,35061,35062,35063,35064,35065,35066,35067,35068,35069,35070,35071,35072,35073,35074,35075,35076,35077,35078,35079,35080,35081,35082,35083,35084,35085,35086,35087,35088,35089,35090,35091,35092,35093,35094,35095,35096,35097,35098,35099
3600,3601,3602,3603,3604,3605,3606,3607,3608,3609,36010,36011,36012,36013,36014,36015,36016,36017,36018,36019,36020,36021,36022,36023,36024,36025,36026,36027,36028,36029,36030,36031,36032,36033,36034,36035,36036,36037,36038,36039,36040,36041,36042,36043,36044,36045,36046,36047,36048,36049,36050,36051,36052,36053,36054,36055,36056,36057,36058,36059,36060,36061,36062,36063,36064,36065,36066,36067,36068,36069,36070,36071,36072,36073,36074,36075,36076,36077,36078,36079,36080,36081,36082,36083,36084,36085,36086,36087,36088,36089,36090,36091,36092,36093,36094,36095,36096,36097,36098,36099
3700,3701,3702,3703,3704,3705,3706,3707,3708,3709,37010,37011,37012,37013,37014,37015,37016,37017,37018,37019,37020,37021,37022,37023,37024,37025,37026,37027,37028,37029,37030,37031,37032,37033,37034,37035,37036,37037,37038,37039,37040,37041,37042,37043,37044,37045,37046,37047,37048,37049,37050,37051,37052,37053,37054,37055,37056,37057,37058,37059,37060,37061,37062,37063,37064,37065,37066,37067,37068,37069,37070,37071,37072,37073,37074,37075,37076,37077,37078,37079,37080,37081,37082,37083,37084,37085,37086,37087,37088,37089,37090,37091,37092,37093,37094,37095,37096,37097,37098,37099
3800,3801,3802,3803,3804,3805,3806,3807,3808,3809,38010,38011,38012,38013,38014,38015,38016,38017,38018,38019,38020,38021,38022,38023,38024,38025,38026,38027,38028,38029,38030,38031,38032,38033,38034,38035,38036,38037,38038,38039,38040,38041,38042,38043,38044,38045,38046,38047,38048,38049,38050,38051,38052,38053,38054,38055,38056,38057,38058,38059,38060,38061,38062,38063,38064,38065,38066,38067,38068,38069,38070,38071,38072,38073,38074,38075,38076,38077,38078,38079,38080,38081,38082,38083,38084,38085,38086,38087,38088,38089,38090,38091,38092,38093,38094,38095,38096,38097,38098,38099
3900,3901,3902,3903,3904,3905,3906,3907,3908,3909,39010,39011,39012,39013,39014,39015,39016,39017,39018,39019,39020,39021,39022,39023,39024,39025,39026,39027,39028,39029,39030,39031,39032,39033,39034,39035,39036,39037,39038,39039,39040,39041,39042,39043,39044,39045,39046,39047,39048,39049,39050,39051,39052,39053,39054,39055,39056,39057,39058,39059,39060,39061,39062,39063,39064,39065,39066,39067,39068,39069,39070,39071,39072,39073,39074,39075,39076,39077,39078,39079,39080,39081,39082,39083,39084,39085,39086,39087,39088,39089,39090,39091,39092,39093,39094,39095,39096,39097,39098,39099
4000,4001,4002,4003,4004,4005,4006,4007,4008,4009,40010,40011,40012,40013,40014,40015,40016,40017,40018,40019,40020,40021,40022,40023,40024,40025,40026,40027,40028,40029,40030,40031,40032,40033,40034,40035,40036,40037,40038,40039,40040,40041,40042,40043,40044,40045,40046,40047,40048,40049,40050,40051,40052,40053,40054,40055,40056,40057,40058,40059,40060,40061,40062,40063,40064,40065,40066,40067,40068,40069,40070,40071,40072,40073,40074,40075,40076,40077,40078,40079,40080,40081,40082,40083,40084,40085,40086,40087,40088,40089,40090,40091,40092,40093,40094,40095,40096,40097,40098,40099
4100,4101,4102,4103,4104,4105,4106,4107,4108,4109,41010,41011,41012,41013,41014,41015,41016,41017,41018,41019,41020,41021,41022,41023,41024,41025,41026,41027,41028,41029,41030,41031,41032,41033,41034,41035,41036,41037,41038,41039,41040,41041,41042,41043,41044,41045,41046,41047,41048,41049,41050,41051,41052,41053,41054,41055,41056,41057,41058,41059,41060,41061,41062,41063,41064,41065,41066,41067,41068,41069,41070,41071,41072,41073,41074,41075,41076,41077,41078,41079,41080,41081,41082,41083,41084,41085,41086,41087,41088,41089,41090,41091,41092,41093,41094,41095,41096,41097,41098,41099
4200,4201,4202,4203,4204,4205,4206,4207,4208,4209,42010,42011,42012,42013,42014,42015,42016,42017,42018,42019,42020,42021,42022,42023,42024,42025,42026,42027,42028,42029,42030,42031,42032,42033,42034,42035,42036,42037,42038,42039,42040,42041,42042,42043,42044,42045,42046,42047,42048,42049,42050,42051,42052,42053,42054,42055,42056,42057,42058,42059,42060,42061,42062,42063,42064,42065,42066,42067,42068,42069,42070,42071,42072,42073,42074,42075,42076,42077,42078,42079,42080,42081,42082,42083,42084,42085,42086,42087,42088,42089,42090,42091,42092,42093,42094,42095,42096,42097,42098,42099
4300,4301,4302,4303,4304,4305,4306,4307,4308,4309,43010,43011,43012,43013,43014,43015,43016,43017,43018,43019,43020,43021,43022,43023,43024,43025,43026,43027,43028,43029,43030,43031,43032,43033,43034,43035,43036,43037,43038,43039,43040,43041,43042,43043,43044,43045,43046,43047,43048,43049,43050,43051,43052,43053,43054,43055,43056,43057,43058,43059,43060,43061,43062,43063,43064,43065,43066,43067,43068,43069,43070,43071,43072,43073,43074,43075,43076,43077,43078,43079,43080,43081,43082,43083,43084,43085,43086,43087,43088,43089,43090,43091,43092,43093,43094,43095,43096,43097,43098,43099
4400,4401,4402,4403,4404,4405,4406,4407,4408,4409,44010,44011,44012,44013,44014,44015,44016,44017,44018,44019,44020,44021,44022,44023,44024,44025,44026,44027,44028,44029,44030,44031,44032,44033,44034,44035,44036,44037,44038,44039,44040,44041,44042,44043,44044,44045,44046,44047,44048,44049,44050,44051,44052,44053,44054,44055,44056,44057,44058,44059,44060,44061,44062,44063,44064,44065,44066,44067,44068,44069,44070,44071,44072,44073,44074,44075,44076,44077,44078,44079,44080,44081,44082,44083,44084,44085,44086,44087,44088,44089,44090,44091,44092,44093,44094,44095,44096,44097,44098,44099
4500,4501,4502,4503,4504,4505,4506,4507,4508,4509,45010,45011,45012,45013,45014,45015,45016,45017,45018,45019,45020,45021,45022,45023,45024,45025,45026,45027,45028,45029,45030,45031,45032,45033,45034,45035,45036,45037,45038,45039,45040,45041,45042,45043,45044,45045,45046,45047,45048,45049,45050,45051,45052,45053,45054,45055,45056,45057,45058,45059,45060,45061,45062,45063,45064,45065,45066,45067,45068,45069,45070,45071,45072,45073,45074,45075,45076,45077,45078,45079,45080,45081,45082,45083,45084,45085,45086,45087,45088,45089,45090,45091,45092,45093,45094,45095,45096,45097,45098,45099
4600,4601,4602,4603,4604,4605,4606,4607,4608,4609,46010,46011,46012,46013,46014,46015,46016,46017,46018,46019,46020,46021,46022,46023,46024,46025,46026,46027,46028,46029,46030,46031,46032,46033,46034,46035,46036,46037,46038,46039,46040,46041,46042,46043,46044,46045,46046,46047,46048,46049,46050,46051,46052,46053,46054,46055,46056,46057,46058,46059,46060,46061,46062,46063,46064,46065,46066,46067,46068,46069,46070,46071,46072,46073,46074,46075,46076,46077,46078,46079,46080,46081,46082,46083,46084,46085,46086,46087,46088,46089,46090,46091,46092,46093,46094,46095,46096,46097,46098,46099
4700,4701,4702,4703,4704,4705,4706,4707,4708,4709,47010,47011,47012,47013,47014,47015,47016,47017,47018,47019,47020,47021,47022,47023,47024,47025,47026,47027,47028,47029,47030,47031,47032,47033,47034,47035,47036,47037,47038,47039,47040,47041,47042,47043,47044,47045,47046,47047,47048,47049,47050,47051,47052,47053,47054,47055,47056,47057,47058,47059,47060,47061,47062,47063,47064,47065,47066,47067,47068,47069,47070,47071,47072,47073,47074,47075,47076,47077,47078,47079,47080,47081,47082,47083,47084,47085,47086,47087,47088,47089,47090,47091,47092,47093,47094,47095,47096,47097,47098,47099
4800,4801,4802,4803,4804,4805,4806,4807,4808,4809,48010,48011,48012,48013,48014,48015,48016,48017,48018,48019,48020,48021,48022,48023,48024,48025,48026,48027,48028,48029,48030,48031,48032,48033,48034,48035,48036,48037,48038,48039,48040,48041,48042,48043,48044,48045,48046,48047,48048,48049,48050,48051,48052,48053,48054,48055,48056,48057,48058,48059,48060,48061,48062,48063,48064,48065,48066,48067,48068,48069,48070,48071,48072,48073,48074,48075,48076,48077,48078,48079,48080,48081,48082,48083,48084,48085,48086,48087,48088,48089,48090,48091,48092,48093,48094,48095,48096,48097,48098,48099
4900,4901,4902,4903,4904,4905,4906,4907,4908,4909,49010,49011,49012,49013,49014,49015,49016,49017,49018,49019,49020,49021,49022,49023,49024,49025,49026,49027,49028,49029,49030,49031,49032,49033,49034,49035,49036,49037,49038,49039,49040,49041,49042,49043,49044,49045,49046,49047,49048,49049,49050,49051,49052,49053,49054,49055,49056,49057,49058,49059,49060,49061,49062,49063,49064,49065,49066,49067,49068,49069,49070,49071,49072,49073,49074,49075,49076,49077,49078,49079,49080,49081,49082,49083,49084,49085,49086,49087,49088,49089,49090,49091,49092,49093,49094,49095,49096,49097,49098,49099
5000,5001,5002,5003,5004,5005,5006,5007,5008,5009,50010,50011,50012,50013,50014,50015,50016,50017,50018,50019,50020,50021,50022,50023,50024,50025,50026,50027,50028,50029,50030,50031,50032,50033,50034,50035,50036,50037,50038,50039,50040,50041,50042,50043,50044,50045,50046,50047,50048,50049,50050,50051,50052,50053,50054,50055,50056,50057,50058,50059,50060,50061,50062,50063,50064,50065,50066,50067,50068,50069,50070,50071,50072,50073,50074,50075,50076,50077,50078,50079,50080,50081,50082,50083,50084,50085,50086,50087,50088,50089,50090,50091,50092,50093,50094,50095,50096,50097,50098,50099
5100,5101,5102,5103,5104,5105,5106,5107,5108,5109,51010,51011,51012,51013,51014,51015,51016,51017,51018,51019,51020,51021,51022,51023,51024,51025,51026,51027,51028,51029,51030,51031,51032,51033,51034,51035,51036,51037,51038,51039,51040,51041,51042,51043,51044,51045,51046,51047,51048,51049,51050,51051,51052,51053,51054,51055,51056,51057,51058,51059,51060,51061,51062,51063,51064,51065,51066,51067,51068,51069,51070,51071,51072,51073,51074,51075,51076,51077,51078,51079,51080,51081,51082,51083,51084,51085,51086,51087,51088,51089,51090,51091,51092,51093,51094,51095,51096,51097,51098,51099
5200,5201,5202,5203,5204,5205,5206,5207,5208,5209,52010,52011,52012,52013,52014,52015,52016,52017,52018,52019,52020,52021,52022,52023,52024,52025,52026,52027,52028,52029,52030,52031,52032,52033,52034,52035,52036,52037,52038,52039,52040,52041,52042,52043,52044,52045,52046,52047,52048,52049,52050,52051,52052,52053,52054,52055,52056,52057,52058,52059,52060,52061,52062,52063,52064,52065,52066,52067,52068,52069,52070,52071,52072,52073,52074,52075,52076,52077,52078,52079,52080,52081,52082,52083,52084,52085,52086,52087,52088,52089,52090,52091,52092,52093,52094,52095,52096,52097,52098,52099
5300,5301,5302,5303,5304,5305,5306,5307,5308,5309,53010,53011,53012,53013,53014,53015,53016,53017,53018,53019,53020,53021,53022,53023,53024,53025,53026,53027,53028,53029,53030,53031,53032,53033,53034,53035,53036,53037,53038,53039,53040,53041,53042,53043,53044,53045,53046,53047,53048,53049,53050,53051,53052,53053,53054,53055,53056,53057,53058,53059,53060,53061,53062,53063,53064,53065,53066,53067,53068,53069,53070,53071,53072,53073,53074,53075,53076,53077,53078,53079,53080,53081,53082,53083,53084,53085,53086,53087,53088,53089,53090,53091,53092,53093,53094,53095,53096,53097,53098,53099
5400,5401,5402,5403,5404,5405,5406,5407,5408,5409,54010,54011,54012,54013,54014,54015,54016,54017,54018,54019,54020,54021,54022,54023,54024,54025,54026,54027,54028,54029,54030,54031,54032,54033,54034,54035,54036,54037,54038,54039,54040,54041,54042,54043,54044,54045,54046,54047,54048,54049,54050,54051,54052,54053,54054,54055,54056,54057,54058,54059,54060,54061,54062,54063,54064,54065,54066,54067,54068,54069,54070,54071,54072,54073,54074,54075,54076,54077,54078,54079,54080,54081,54082,54083,54084,54085,54086,54087,54088,54089,54090,54091,54092,54093,54094,54095,54096,54097,54098,54099
5500,5501,5502,5503,5504,5505,5506,5507,5508,5509,55010,55011,55012,55013,55014,55015,55016,55017,55018,55019,55020,55021,55022,55023,55024,55025,55026,55027,55028,55029,55030,55031,55032,55033,55034,55035,55036,55037,55038,55039,55040,55041,55042,55043,55044,55045,55046,55047,55048,55049,55050,55051,55052,55053,55054,55055,55056,55057,55058,55059,55060,55061,55062,55063,55064,55065,55066,55067,55068,55069,55070,55071,55072,55073,55074,55075,55076,55077,55078,55079,55080,55081,55082,55083,55084,55085,55086,55087,55088,55089,55090,55091,55092,55093,55094,55095,55096,55097,55098,55099
5600,5601,5602,5603,5604,5605,5606,5607,5608,5609,56010,56011,56012,56013,56014,56015,56016,56017,56018,56019,56020,56021,56022,56023,56024,56025,56026,56027,56028,56029,56030,56031,56032,56033,56034,56035,56036,56037,56038,56039,56040,56041,56042,56043,56044,56045,56046,56047,56048,56049,56050,56051,56052,56053,56054,56055,56056,56057,56058,56059,56060,56061,56062,56063,56064,56065,56066,56067,56068,56069,56070,56071,56072,56073,56074,56075,56076,56077,56078,56079,56080,56081,56082,56083,56084,56085,56086,56087,56088,56089,56090,56091,56092,56093,56094,56095,56096,56097,56098,56099
5700,5701,5702,5703,5704,5705,5706,5707,5708,5709,57010,57011,57012,57013,57014,57015,57016,57017,57018,57019,57020,57021,57022,57023,57024,57025,57026,57027,57028,57029,57030,57031,57032,57033,57034,57035,57036,57037,57038,57039,57040,57041,57042,57043,57044,57045,57046,57047,57048,57049,57050,57051,57052,57053,57054,57055,57056,57057,57058,57059,57060,57061,57062,57063,57064,57065,57066,57067,57068,57069,57070,57071,57072,57073,57074,57075,57076,57077,57078,57079,57080,57081,57082,57083,57084,57085,57086,57087,57088,57089,57090,57091,57092,57093,57094,57095,57096,57097,57098,57099
5800,5801,5802,5803,5804,5805,5806,5807,5808,5809,58010,58011,58012,58013,58014,58015,58016,58017,58018,58019,58020,58021,58022,58023,58024,58025,58026,58027,58028,58029,58030,58031,58032,58033,58034,58035,58036,58037,58038,58039,58040,58041,58042,58043,58044,58045,58046,58047,58048,58049,58050,58051,58052,58053,58054,58055,58056,58057,58058,58059,58060,58061,58062,58063,58064,58065,58066,58067,58068,58069,58070,58071,58072,58073,58074,58075,58076,58077,58078,58079,58080,58081,58082,58083,58084,58085,58086,58087,58088,58089,58090,58091,58092,58093,58094,58095,58096,58097,58098,58099
5900,5901,5902,5903,5904,5905,5906,5907,5908,5909,59010,59011,59012,59013,59014,59015,59016,59017,59018,59019,59020,59021,59022,59023,59024,59025,59026,59027,59028,59029,59030,59031,59032,59033,59034,59035,59036,59037,59038,59039,59040,59041,59042,59043,59044,59045,59046,59047,59048,59049,59050,59051,59052,59053,59054,59055,59056,59057,59058,59059,59060,59061,59062,59063,59064,59065,59066,59067,59068,59069,59070,59071,59072,59073,59074,59075,59076,59077,59078,59079,59080,59081,59082,59083,59084,59085,59086,59087,59088,59089,59090,59091,59092,59093,59094,59095,59096,59097,59098,59099
6000,6001,6002,6003,6004,6005,6006,6007,6008,6009,60010,60011,60012,60013,60014,60015,60016,60017,60018,60019,60020,60021,60022,60023,60024,60025,60026,60027,60028,60029,60030,60031,60032,60033,60034,60035,60036,60037,60038,60039,60040,60041,60042,60043,60044,60045,60046,60047,60048,60049,60050,60051,60052,60053,60054,60055,60056,60057,60058,60059,60060,60061,60062,60063,60064,60065,60066,60067,60068,60069,60070,60071,60072,60073,60074,60075,60076,60077,60078,60079,60080,60081,60082,60083,60084,60085,60086,60087,60088,60089,60090,60091,60092,60093,60094,60095,60096,60097,60098,60099
6100,6101,6102,6103,6104,6105,6106,6107,6108,6109,61010,61011,61012,61013,61014,61015,61016,61017,61018,61019,61020,61021,61022,61023,61024,61025,61026,61027,61028,61029,61030,61031,61032,61033,61034,61035,61036,61037,61038,61039,61040,61041,61042,61043,61044,61045,61046,61047,61048,61049,61050,61051,61052,61053,61054,61055,61056,61057,61058,61059,61060,61061,61062,61063,61064,61065,61066,61067,61068,61069,61070,61071,61072,61073,61074,61075,61076,61077,61078,61079,61080,61081,61082,61083,61084,61085,61086,61087,61088,61089,61090,61091,61092,61093,61094,61095,61096,61097,61098,61099
6200,6201,6202,6203,6204,6205,6206,6207,6208,6209,62010,62011,62012,62013,62014,62015,62016,62017,62018,62019,62020,62021,62022,62023,62024,62025,62026,62027,62028,62029,62030,62031,62032,62033,62034,62035,62036,62037,62038,62039,62040,62041,62042,62043,62044,62045,62046,62047,62048,62049,62050,62051,62052,62053,62054,62055,62056,62057,62058,62059,62060,62061,62062,62063,62064,62065,62066,62067,62068,62069,62070,62071,62072,62073,62074,62075,62076,62077,62078,62079,62080,62081,62082,62083,62084,62085,62086,62087,62088,62089,62090,62091,62092,62093,62094,62095,62096,62097,62098,62099
6300,6301,6302,6303,6304,6305,6306,6307,6308,6309,63010,63011,63012,63013,63014,63015,63016,63017,63018,63019,63020,63021,63022,63023,63024,63025,63026,63027,63028,63029,63030,63031,63032,63033,63034,63035,63036,63037,63038,63039,63040,63041,63042,63043,63044,63045,63046,63047,63048,63049,63050,63051,63052,63053,63054,63055,63056,63057,63058,63059,63060,63061,63062,63063,63064,63065,63066,63067,63068,63069,63070,63071,63072,63073,63074,63075,63076,63077,63078,63079,63080,63081,63082,63083,63084,63085,63086,63087,63088,63089,63090,63091,63092,63093,63094,63095,63096,63097,63098,63099
6400,6401,6402,6403,6404,6405,6406,6407,6408,6409,64010,64011,64012,64013,64014,64015,64016,64017,64018,64019,64020,64021,64022,64023,64024,64025,64026,64027,64028,64029,64030,64031,64032,64033,64034,64035,64036,64037,64038,64039,64040,64041,64042,64043,64044,64045,64046,64047,64048,64049,64050,64051,64052,64053,64054,64055,64056,64057,64058,64059,64060,64061,64062,64063,64064,64065,64066,64067,64068,64069,64070,64071,64072,64073,64074,64075,64076,64077,64078,64079,64080,64081,64082,64083,64084,64085,64086,64087,64088,64089,64090,64091,64092,64093,64094,64095,64096,64097,64098,64099
6500,6501,6502,6503,6504,6505,6506,6507,6508,6509,65010,65011,65012,65013,65014,65015,65016,65017,65018,65019,65020,65021,65022,65023,65024,65025,65026,65027,65028,65029,65030,65031,65032,65033,65034,65035,65036,65037,65038,65039,65040,65041,65042,65043,65044,65045,65046,65047,65048,65049,65050,65051,65052,65053,65054,65055,65056,65057,65058,65059,65060,65061,65062,65063,65064,65065,65066,65067,65068,65069,65070,65071,65072,65073,65074,65075,65076,65077,65078,65079,65080,65081,65082,65083,65084,65085,65086,65087,65088,65089,65090,65091,65092,65093,65094,65095,65096,65097,65098,65099
6600,6601,6602,6603,6604,6605,6606,6607,6608,6609,66010,66011,66012,66013,66014,66015,66016,66017,66018,66019,66020,66021,66022,66023,66024,66025,66026,66027,66028,66029,66030,66031,66032,66033,66034,66035,66036,66037,66038,66039,66040,66041,66042,66043,66044,66045,66046,66047,66048,66049,66050,66051,66052,66053,66054,66055,66056,66057,66058,66059,66060,66061,66062,66063,66064,66065,66066,66067,66068,66069,66070,66071,66072,66073,66074,66075,66076,66077,66078,66079,66080,66081,66082,66083,66084,66085,66086,66087,66088,66089,66090,66091,66092,66093,66094,66095,66096,66097,66098,66099
6700,6701,6702,6703,6704,6705,6706,6707,6708,6709,67010,67011,67012,67013,67014,67015,67016,67017,67018,67019,67020,67021,67022,67023,67024,67025,67026,67027,67028,67029,67030,67031,67032,67033,67034,67035,67036,67037,67038,67039,67040,67041,67042,67043,67044,67045,67046,67047,67048,67049,67050,67051,67052,67053,67054,67055,67056,67057,67058,67059,67060,67061,67062,67063,67064,67065,67066,67067,67068,67069,67070,67071,67072,67073,67074,67075,67076,67077,67078,67079,67080,67081,67082,67083,67084,67085,67086,67087,67088,67089,67090,67091,67092,67093,67094,67095,67096,67097,67098,67099
6800,6801,6802,6803,6804,6805,6806,6807,6808,6809,68010,68011,68012,68013,68014,68015,68016,68017,68018,68019,68020,68021,68022,68023,68024,68025,68026,68027,68028,68029,68030,68031,68032,68033,68034,68035,68036,68037,68038,68039,68040,68041,68042,68043,68044,68045,68046,68047,68048,68049,68050,68051,68052,68053,68054,68055,68056,68057,68058,68059,68060,68061,68062,68063,68064,68065,68066,68067,68068,68069,68070,68071,68072,68073,68074,68075,68076,68077,68078,68079,68080,68081,68082,68083,68084,68085,68086,68087,68088,68089,68090,68091,68092,68093,68094,68095,68096,68097,68098,68099
6900,6901,6902,6903,6904,6905,6906,6907,6908,6909,69010,69011,69012,69013,69014,69015,69016,69017,69018,69019,69020,69021,69022,69023,69024,69025,69026,69027,69028,69029,69030,69031,69032,69033,69034,69035,69036,69037,69038,69039,69040,69041,69042,69043,69044,69045,69046,69047,69048,69049,69050,69051,69052,69053,69054,69055,69056,69057,69058,69059,69060,69061,69062,69063,69064,69065,69066,69067,69068,69069,69070,69071,69072,69073,69074,69075,69076,69077,69078,69079,69080,69081,69082,69083,69084,69085,69086,69087,69088,69089,69090,69091,69092,69093,69094,69095,69096,69097,69098,69099
7000,7001,7002,7003,7004,7005,7006,7007,7008,7009,70010,70011,70012,70013,70014,70015,70016,70017,70018,70019,70020,70021,70022,70023,70024,70025,70026,70027,70028,70029,70030,70031,70032,70033,70034,70035,70036,70037,70038,70039,70040,70041,70042,70043,70044,70045,70046,70047,70048,70049,70050,70051,70052,70053,70054,70055,70056,70057,70058,70059,70060,70061,70062,70063,70064,70065,70066,70067,70068,70069,70070,70071,70072,70073,70074,70075,70076,70077,70078,70079,70080,70081,70082,70083,70084,70085,70086,70087,70088,70089,70090,70091,70092,70093,70094,70095,70096,70097,70098,70099
7100,7101,7102,7103,7104,7105,7106,7107,7108,7109,71010,71011,71012,71013,71014,71015,71016,71017,71018,71019,71020,71021,71022,71023,71024,71025,71026,71027,71028,71029,71030,71031,71032,71033,71034,71035,71036,71037,71038,71039,71040,71041,71042,71043,71044,71045,71046,71047,71048,71049,71050,71051,71052,71053,71054,71055,71056,71057,71058,71059,71060,71061,71062,71063,71064,71065,71066,71067,71068,71069,71070,71071,71072,71073,71074,71075,71076,71077,71078,71079,71080,71081,71082,71083,71084,71085,71086,71087,71088,71089,71090,71091,71092,71093,71094,71095,71096,71097,71098,71099
7200,7201,7202,7203,7204,7205,7206,7207,7208,7209,72010,72011,72012,72013,72014,72015,72016,72017,72018,72019,72020,72021,72022,72023,72024,72025,72026,72027,72028,72029,72030,72031,72032,72033,72034,72035,72036,72037,72038,72039,72040,72041,72042,72043,72044,72045,72046,72047,72048,72049,72050,72051,72052,72053,72054,72055,72056,72057,72058,72059,72060,72061,72062,72063,72064,72065,72066,72067,72068,72069,72070,72071,72072,72073,72074,72075,72076,72077,72078,72079,72080,72081,72082,72083,72084,72085,72086,72087,72088,72089,72090,72091,72092,72093,72094,72095,72096,72097,72098,72099
7300,7301,7302,7303,7304,7305,7306,7307,7308,7309,73010,73011,73012,73013,73014,73015,73016,73017,73018,73019,73020,73021,73022,73023,73024,73025,73026,73027,73028,73029,73030,73031,73032,73033,73034,73035,73036,73037,73038,73039,73040,73041,73042,73043,73044,73045,73046,73047,73048,73049,73050,73051,73052,73053,73054,73055,73056,73057,73058,73059,73060,73061,73062,73063,73064,73065,73066,73067,73068,73069,73070,73071,73072,73073,73074,73075,73076,73077,73078,73079,73080,73081,73082,73083,73084,73085,73086,73087,73088,73089,73090,73091,73092,73093,73094,73095,73096,73097,73098,73099
7400,7401,7402,7403,7404,7405,7406,7407,7408,7409,74010,74011,74012,74013,74014,74015,74016,74017,74018,74019,74020,74021,74022,74023,74024,74025,74026,74027,74028,74029,74030,74031,74032,74033,74034,74035,74036,74037,74038,74039,74040,74041,74042,74043,74044,74045,74046,74047,74048,74049,74050,74051,74052,74053,74054,74055,74056,74057,74058,74059,74060,74061,74062,74063,74064,74065,74066,74067,74068,74069,74070,74071,74072,74073,74074,74075,74076,74077,74078,74079,74080,74081,74082,74083,74084,74085,74086,74087,74088,74089,74090,74091,74092,74093,74094,74095,74096,74097,74098,74099
7500,7501,7502,7503,7504,7505,7506,7507,7508,7509,75010,75011,75012,75013,75014,75015,75016,75017,75018,75019,75020,75021,75022,75023,75024,75025,75026,75027,75028,75029,75030,75031,75032,75033,75034,75035,75036,75037,75038,75039,75040,75041,75042,75043,75044,75045,75046,75047,75048,75049,75050,75051,75052,75053,75054,75055,75056,75057,75058,75059,75060,75061,75062,75063,75064,75065,75066,75067,75068,75069,75070,75071,75072,75073,75074,75075,75076,75077,75078,75079,75080,75081,75082,75083,75084,75085,75086,75087,75088,75089,75090,75091,75092,75093,75094,75095,75096,75097,75098,75099
7600,7601,7602,7603,7604,7605,7606,7607,7608,7609,76010,76011,76012,76013,76014,76015,76016,76017,76018,76019,76020,76021,76022,76023,76024,76025,76026,76027,76028,76029,76030,76031,76032,76033,76034,76035,76036,76037,76038,76039,76040,76041,76042,76043,76044,76045,76046,76047,76048,76049,76050,76051,76052,76053,76054,76055,76056,76057,76058,76059,76060,76061,76062,76063,76064,76065,76066,76067,76068,76069,76070,76071,76072,76073,76074,76075,76076,76077,76078,76079,76080,76081,76082,76083,76084,76085,76086,76087,76088,76089,76090,76091,76092,76093,76094,76095,76096,76097,76098,76099
7700,7701,7702,7703,7704,7705,7706,7707,7708,7709,77010,77011,77012,77013,77014,77015,77016,77017,77018,77019,77020,77021,77022,77023,77024,77025,77026,77027,77028,77029,77030,77031,77032,77033,77034,77035,77036,77037,77038,77039,77040,77041,77042,77043,77044,77045,77046,77047,77048,77049,77050,77051,77052,77053,77054,77055,77056,77057,77058,77059,77060,77061,77062,77063,77064,77065,77066,77067,77068,77069,77070,77071,77072,77073,77074,77075,77076,77077,77078,77079,77080,77081,77082,77083,77084,77085,77086,77087,77088,77089,77090,77091,77092,77093,77094,77095,77096,77097,77098,77099
7800,7801,7802,7803,7804,7805,7806,7807,7808,7809,78010,78011,78012,78013,78014,78015,78016,78017,78018,78019,78020,78021,78022,78023,78024,78025,78026,78027,78028,78029,78030,78031,78032,78033,78034,78035,78036,78037,78038,78039,78040,78041,78042,78043,78044,78045,78046,78047,78048,78049,78050,78051,78052,78053,78054,78055,78056,78057,78058,78059,78060,78061,78062,78063,78064,78065,78066,78067,78068,78069,78070,78071,78072,78073,78074,78075,78076,78077,78078,78079,78080,78081,78082,78083,78084,78085,78086,78087,78088,78089,78090,78091,78092,78093,78094,78095,78096,78097,78098,78099
7900,7901,7902,7903,7904,7905,7906,7907,7908,7909,79010,79011,79012,79013,79014,79015,79016,79017,79018,79019,79020,79021,79022,79023,79024,79025,79026,79027,79028,79029,79030,79031,79032,79033,79034,79035,79036,79037,79038,79039,79040,79041,79042,79043,79044,79045,79046,79047,79048,79049,79050,79051,79052,79053,79054,79055,79056,79057,79058,79059,79060,79061,79062,79063,79064,79065,79066,79067,79068,79069,79070,79071,79072,79073,79074,79075,79076,79077,79078,79079,79080,79081,79082,79083,79084,79085,79086,79087,79088,79089,79090,79091,79092,79093,79094,79095,79096,79097,79098,79099
8000,8001,8002,8003,8004,8005,8006,8007,8008,8009,80010,80011,80012,80013,80014,80015,80016,80017,80018,80019,80020,80021,80022,80023,80024,80025,80026,80027,80028,80029,80030,80031,80032,80033,80034,80035,80036,80037,80038,80039,80040,80041,80042,80043,80044,80045,80046,80047,80048,80049,80050,80051,80052,80053,80054,80055,80056,80057,80058,80059,80060,80061,80062,80063,80064,80065,80066,80067,80068,80069,80070,80071,80072,80073,80074,80075,80076,80077,80078,80079,80080,80081,80082,80083,80084,80085,80086,80087,80088,80089,80090,80091,80092,80093,80094,80095,80096,80097,80098,80099
8100,8101,8102,8103,8104,8105,8106,8107,8108,8109,81010,81011,81012,81013,81014,81015,81016,81017,81018,81019,81020,81021,81022,81023,81024,81025,81026,81027,81028,81029,81030,81031,81032,81033,81034,81035,81036,81037,81038,81039,81040,81041,81042,81043,81044,81045,81046,81047,81048,81049,81050,81051,81052,81053,81054,81055,81056,81057,81058,81059,81060,81061,81062,81063,81064,81065,81066,81067,81068,81069,81070,81071,81072,81073,81074,81075,81076,81077,81078,81079,81080,81081,81082,81083,81084,81085,81086,81087,81088,81089,81090,81091,81092,81093,81094,81095,81096,81097,81098,81099
8200,8201,8202,8203,8204,8205,8206,8207,8208,8209,82010,82011,82012,82013,82014,82015,82016,82017,82018,82019,82020,82021,82022,82023,82024,82025,82026,82027,82028,82029,82030,82031,82032,82033,82034,82035,82036,82037,82038,82039,82040,82041,82042,82043,82044,82045,82046,82047,82048,82049,82050,82051,82052,82053,82054,82055,82056,82057,82058,82059,82060,82061,82062,82063,82064,82065,82066,82067,82068,82069,82070,82071,82072,82073,82074,82075,82076,82077,82078,82079,82080,82081,82082,82083,82084,82085,82086,82087,82088,82089,82090,82091,82092,82093,82094,82095,82096,82097,82098,82099
8300,8301,8302,8303,8304,8305,8306,8307,8308,8309,83010,83011,83012,83013,83014,83015,83016,83017,83018,83019,83020,83021,83022,83023,83024,83025,83026,83027,83028,83029,83030,83031,83032,83033,83034,83035,83036,83037,83038,83039,83040,83041,83042,83043,83044,83045,83046,83047,83048,83049,83050,83051,83052,83053,83054,83055,83056,83057,83058,83059,83060,83061,83062,83063,83064,83065,83066,83067,83068,83069,83070,83071,83072,83073,83074,83075,83076,83077,83078,83079,83080,83081,83082,83083,83084,83085,83086,83087,83088,83089,83090,83091,83092,83093,83094,83095,83096,83097,83098,83099
8400,8401,8402,8403,8404,8405,8406,8407,8408,8409,84010,84011,84012,84013,84014,84015,84016,84017,84018,84019,84020,84021,84022,84023,84024,84025,84026,84027,84028,84029,84030,84031,84032,84033,84034,84035,84036,84037,84038,84039,84040,84041,84042,84043,84044,84045,84046,84047,84048,84049,84050,84051,84052,84053,84054,84055,84056,84057,84058,84059,84060,84061,84062,84063,84064,84065,84066,84067,84068,84069,84070,84071,84072,84073,84074,84075,84076,84077,84078,84079,84080,84081,84082,84083,84084,84085,84086,84087,84088,84089,84090,84091,84092,84093,84094,84095,84096,84097,84098,84099
8500,8501,8502,8503,8504,8505,8506,8507,8508,8509,85010,85011,85012,85013,85014,85015,85016,85017,85018,85019,85020,85021,85022,85023,85024,85025,85026,85027,85028,85029,85030,85031,85032,85033,85034,85035,85036,85037,85038,85039,85040,85041,85042,85043,85044,85045,85046,85047,85048,85049,85050,85051,85052,85053,85054,85055,85056,85057,85058,85059,85060,85061,85062,85063,85064,85065,85066,85067,85068,85069,85070,85071,85072,85073,85074,85075,85076,85077,85078,85079,85080,85081,85082,85083,85084,85085,85086,85087,85088,85089,85090,85091,85092,85093,85094,85095,85096,85097,85098,85099
8600,8601,8602,8603,8604,8605,8606,8607,8608,8609,86010,86011,86012,86013,86014,86015,86016,86017,86018,86019,86020,86021,86022,86023,86024,86025,86026,86027,86028,86029,86030,86031,86032,86033,86034,86035,86036,86037,86038,86039,86040,86041,86042,86043,86044,86045,86046,86047,86048,86049,86050,86051,86052,86053,86054,86055,86056,86057,86058,86059,86060,86061,86062,86063,86064,86065,86066,86067,86068,86069,86070,86071,86072,86073,86074,86075,86076,86077,86078,86079,86080,86081,86082,86083,86084,86085,86086,86087,86088,86089,86090,86091,86092,86093,86094,86095,86096,86097,86098,86099
8700,8701,8702,8703,8704,8705,8706,8707,8708,8709,87010,87011,87012,87013,87014,87015,87016,87017,87018,87019,87020,87021,87022,87023,87024,87025,87026,87027,87028,87029,87030,87031,87032,87033,87034,87035,87036,87037,87038,87039,87040,87041,87042,87043,87044,87045,87046,87047,87048,87049,87050,87051,87052,87053,87054,87055,87056,87057,87058,87059,87060,87061,87062,87063,87064,87065,87066,87067,87068,87069,87070,87071,87072,87073,87074,87075,87076,87077,87078,87079,87080,87081,87082,87083,87084,87085,87086,87087,87088,87089,87090,87091,87092,87093,87094,87095,87096,87097,87098,87099
8800,8801,8802,8803,8804,8805,8806,8807,8808,8809,88010,88011,88012,88013,88014,88015,88016,88017,88018,88019,88020,88021,88022,88023,88024,88025,88026,88027,88028,88029,88030,88031,88032,88033,88034,88035,88036,88037,88038,88039,88040,88041,88042,88043,88044,88045,88046,88047,88048,88049,88050,88051,88052,88053,88054,88055,88056,88057,88058,88059,88060,88061,88062,88063,88064,88065,88066,88067,88068,88069,88070,88071,88072,88073,88074,88075,88076,88077,88078,88079,88080,88081,88082,88083,88084,88085,88086,88087,88088,88089,88090,88091,88092,88093,88094,88095,88096,88097,88098,88099
8900,8901,8902,8903,8904,8905,8906,8907,8908,8909,89010,89011,89012,89013,89014,89015,89016,89017,89018,89019,89020,89021,89022,89023,89024,89025,89026,89027,89028,89029,89030,89031,89032,89033,89034,89035,89036,89037,89038,89039,89040,89041,89042,89043,89044,89045,89046,89047,89048,89049,89050,89051,89052,89053,89054,89055,89056,89057,89058,89059,89060,89061,89062,89063,89064,89065,89066,89067,89068,89069,89070,89071,89072,89073,89074,89075,89076,89077,89078,89079,89080,89081,89082,89083,89084,89085,89086,89087,89088,89089,89090,89091,89092,89093,89094,89095,89096,89097,89098,89099
9000,9001,9002,9003,9004,9005,9006,9007,9008,9009,90010,90011,90012,90013,90014,90015,90016,90017,90018,90019,90020,90021,90022,90023,90024,90025,90026,90027,90028,90029,90030,90031,90032,90033,90034,90035,90036,90037,90038,90039,90040,90041,90042,90043,90044,90045,90046,90047,90048,90049,90050,90051,90052,90053,90054,90055,90056,90057,90058,90059,90060,90061,90062,90063,90064,90065,90066,90067,90068,90069,90070,90071,90072,90073,90074,90075,90076,90077,90078,90079,90080,90081,90082,90083,90084,90085,90086,90087,90088,90089,90090,90091,90092,90093,90094,90095,90096,90097,90098,90099
9100,9101,9102,9103,9104,9105,9106,9107,9108,9109,91010,91011,91012,91013,91014,91015,91016,91017,91018,91019,91020,91021,91022,91023,91024,91025,91026,91027,91028,91029,91030,91031,91032,91033,91034,91035,91036,91037,91038,91039,91040,91041,91042,91043,91044,91045,91046,91047,91048,91049,91050,91051,91052,91053,91054,91055,91056,91057,91058,91059,91060,91061,91062,91063,91064,91065,91066,91067,91068,91069,91070,91071,91072,91073,91074,91075,91076,91077,91078,91079,91080,91081,91082,91083,91084,91085,91086,91087,91088,91089,91090,91091,91092,91093,91094,91095,91096,91097,91098,91099
9200,9201,9202,9203,9204,9205,9206,9207,9208,9209,92010,92011,92012,92013,92014,92015,92016,92017,92018,92019,92020,92021,92022,92023,92024,92025,92026,92027,92028,92029,92030,92031,92032,92033,92034,92035,92036,92037,92038,92039,92040,92041,92042,92043,92044,92045,92046,92047,92048,92049,92050,92051,92052,92053,92054,92055,92056,92057,92058,92059,92060,92061,92062,92063,92064,92065,92066,92067,92068,92069,92070,92071,92072,92073,92074,92075,92076,92077,92078,92079,92080,92081,92082,92083,92084,92085,92086,92087,92088,92089,92090,92091,92092,92093,92094,92095,92096,92097,92098,92099
9300,9301,9302,9303,9304,9305,9306,9307,9308,9309,93010,93011,93012,93013,93014,93015,93016,93017,93018,93019,93020,93021,93022,93023,93024,93025,93026,93027,93028,93029,93030,93031,93032,93033,93034,93035,93036,93037,93038,93039,93040,93041,93042,93043,93044,93045,93046,93047,93048,93049,93050,93051,93052,93053,93054,93055,93056,93057,93058,93059,93060,93061,93062,93063,93064,93065,93066,93067,93068,93069,93070,93071,93072,93073,93074,93075,93076,93077,93078,93079,93080,93081,93082,93083,93084,93085,93086,93087,93088,93089,93090,93091,93092,93093,93094,93095,93096,93097,93098,93099
9400,9401,9402,9403,9404,9405,9406,9407,9408,9409,94010,94011,94012,94013,94014,94015,94016,94017,94018,94019,94020,94021,94022,94023,94024,94025,94026,94027,94028,94029,94030,94031,94032,94033,94034,94035,94036,94037,94038,94039,94040,94041,94042,94043,94044,94045,94046,94047,94048,94049,94050,94051,94052,94053,94054,94055,94056,94057,94058,94059,94060,94061,94062,94063,94064,94065,94066,94067,94068,94069,94070,94071,94072,94073,94074,94075,94076,94077,94078,94079,94080,94081,94082,94083,94084,94085,94086,94087,94088,94089,94090,94091,94092,94093,94094,94095,94096,94097,94098,94099
9500,9501,9502,9503,9504,9505,9506,9507,9508,9509,95010,95011,95012,95013,95014,95015,95016,95017,95018,95019,95020,95021,95022,95023,95024,95025,95026,95027,95028,95029,95030,95031,95032,95033,95034,95035,95036,95037,95038,95039,95040,95041,95042,95043,95044,95045,95046,95047,95048,95049,95050,95051,95052,95053,95054,95055,95056,95057,95058,95059,95060,95061,95062,95063,95064,95065,95066,95067,95068,95069,95070,95071,95072,95073,95074,95075,95076,95077,95078,95079,95080,95081,95082,95083,95084,95085,95086,95087,95088,95089,95090,95091,95092,95093,95094,95095,95096,95097,95098,95099
9600,9601,9602,9603,9604,9605,9606,9607,9608,9609,96010,96011,96012,96013,96014,96015,96016,96017,96018,96019,96020,96021,96022,96023,96024,96025,96026,96027,96028,96029,96030,96031,96032,96033,96034,96035,96036,96037,96038,96039,96040,96041,96042,96043,96044,96045,96046,96047,96048,96049,96050,96051,96052,96053,96054,96055,96056,96057,96058,96059,96060,96061,96062,96063,96064,96065,96066,96067,96068,96069,96070,96071,96072,96073,96074,96075,96076,96077,96078,96079,96080,96081,96082,96083,96084,96085,96086,96087,96088,96089,96090,96091,96092,96093,96094,96095,96096,96097,96098,96099
9700,9701,9702,9703,9704,9705,9706,9707,9708,9709,97010,97011,97012,97013,97014,97015,97016,97017,97018,97019,97020,97021,97022,97023,97024,97025,97026,97027,97028,97029,97030,97031,97032,97033,97034,97035,97036,97037,97038,97039,97040,97041,97042,97043,97044,97045,97046,97047,97048,97049,97050,97051,97052,97053,97054,97055,97056,97057,97058,97059,97060,97061,97062,97063,97064,97065,97066,97067,97068,97069,97070,97071,97072,97073,97074,97075,97076,97077,97078,97079,97080,97081,97082,97083,97084,97085,97086,97087,97088,97089,97090,97091,97092,97093,97094,97095,97096,97097,97098,97099
9800,9801,9802,9803,9804,9805,9806,9807,9808,9809,98010,98011,98012,98013,98014,98015,98016,98017,98018,98019,98020,98021,98022,98023,98024,98025,98026,98027,98028,98029,98030,98031,98032,98033,98034,98035,98036,98037,98038,98039,98040,98041,98042,98043,98044,98045,98046,98047,98048,98049,98050,98051,98052,98053,98054,98055,98056,98057,98058,98059,98060,98061,98062,98063,98064,98065,98066,98067,98068,98069,98070,98071,98072,98073,98074,98075,98076,98077,98078,98079,98080,98081,98082,98083,98084,98085,98086,98087,98088,98089,98090,98091,98092,98093,98094,98095,98096,98097,98098,98099
9900,9901,9902,9903,9904,9905,9906,9907,9908,9909,99010,99011,99012,99013,99014,99015,99016,99017,99018,99019,99020,99021,99022,99023,99024,99025,99026,99027,99028,99029,99030,99031,99032,99033,99034,99035,99036,99037,99038,99039,99040,99041,99042,99043,99044,99045,99046,99047,99048,99049,99050,99051,99052,99053,99054,99055,99056,99057,99058,99059,99060,99061,99062,99063,99064,99065,99066,99067,99068,99069,99070,99071,99072,99073,99074,99075,99076,99077,99078,99079,99080,99081,99082,99083,99084,99085,99086,99087,99088,99089,99090,99091,99092,99093,99094,99095,99096,99097,99098,99099
